
87
(
8287
8292
8409
8570
8786
8787
8788
8830
9093
9095
9313
9711
9748
9749
9921
9961
10042
10087
10109
10110
10115
10161
10201
10203
10204
10207
10468
10488
10797
10948
11127
11229
11292
11374
11772
11775
11919
11959
11984
12068
12135
12136
12294
12296
12360
12407
12473
12620
12744
12747
12991
13020
13175
13433
13557
13623
13897
14060
14217
14314
14408
14508
14595
14729
14972
15312
15415
15447
15449
15860
15959
16055
16162
16256
16257
16403
16407
16409
16536
16650
16808
16846
16881
16966
17157
17345
17393
)
