
4080
(
7688
7689
7690
7692
7694
7696
7698
7700
7702
7704
7706
7708
7710
7712
7714
7716
7718
7720
7722
7724
7726
7728
7730
7732
7734
7736
7738
7740
7742
7744
7746
7748
7750
7752
7754
7756
7758
7760
7762
7764
7766
7768
7770
7772
7774
7776
7778
7780
7782
7784
7786
7788
7790
7792
7794
7796
7798
7800
7802
7804
7806
7808
7810
7812
7814
7814
7816
7818
7820
7822
7824
7826
7828
7830
7832
7834
7836
7838
7840
7842
7844
7846
7848
7850
7852
7854
7856
7858
7860
7862
7864
7866
7868
7870
7872
7874
7876
7878
7880
7882
7884
7886
7888
7890
7892
7894
7896
7898
7900
7902
7904
7906
7908
7910
7912
7914
7916
7918
7920
7922
7924
7926
7928
7930
7932
7934
7936
7938
7940
7941
7943
7945
7947
7949
7951
7953
7955
7957
7959
7961
7963
7965
7967
7969
7971
7973
7975
7977
7979
7981
7983
7985
7987
7989
7991
7993
7995
7997
7999
8001
8003
8005
8007
8009
8011
8013
8015
8017
8019
8021
8023
8025
8027
8029
8031
8033
8035
8037
8039
8041
8043
8045
8047
8049
8051
8053
8055
8057
8059
8061
8063
8065
8067
8067
8069
8071
8073
8075
8077
8079
8081
8083
8085
8087
8089
8091
8093
8095
8097
8099
8101
8103
8105
8107
8109
8111
8113
8115
8117
8119
8121
8123
8125
8127
8129
8131
8133
8135
8137
8139
8141
8143
8145
8147
8149
8151
8153
8155
8157
8159
8161
8163
8165
8167
8169
8171
8173
8175
8177
8179
8181
8183
8185
8187
8189
8191
8195
8197
8199
8201
8207
8209
8211
8213
8215
8217
8227
8229
8231
8233
8235
8237
8239
8241
8243
8245
8259
8261
8263
8265
8267
8269
8271
8273
8275
8277
8279
8281
8283
8285
8298
8300
8302
8304
8306
8308
8310
8312
8314
8316
8318
8320
8322
8326
8328
8338
8340
8342
8344
8346
8348
8354
8356
8358
8360
8362
8364
8375
8377
8379
8381
8383
8385
8387
8389
8391
8400
8402
8404
8406
8408
8414
8416
8418
8420
8422
8424
8429
8431
8433
8435
8437
8450
8452
8454
8456
8458
8460
8462
8464
8466
8468
8470
8472
8474
8478
8480
8482
8484
8493
8495
8497
8499
8501
8503
8505
8507
8509
8518
8520
8522
8524
8526
8528
8530
8532
8534
8543
8545
8547
8549
8551
8553
8555
8557
8559
8563
8565
8567
8569
8579
8581
8583
8585
8587
8589
8591
8593
8595
8597
8603
8605
8607
8609
8611
8613
8618
8620
8622
8624
8626
8630
8632
8634
8636
8656
8658
8660
8662
8664
8666
8668
8670
8672
8674
8676
8678
8680
8682
8684
8686
8688
8690
8692
8694
8705
8707
8709
8711
8713
8715
8717
8719
8721
8723
8725
8730
8732
8734
8736
8738
8748
8750
8752
8754
8756
8758
8760
8762
8764
8766
8773
8775
8777
8779
8781
8783
8785
8794
8796
8798
8800
8802
8804
8806
8808
8810
8816
8818
8820
8822
8824
8826
8835
8837
8839
8841
8843
8845
8847
8849
8851
8856
8858
8860
8862
8864
8869
8871
8873
8875
8877
8885
8887
8889
8891
8893
8895
8897
8899
8910
8912
8914
8916
8918
8920
8922
8924
8926
8928
8930
8941
8943
8945
8947
8949
8951
8953
8955
8957
8959
8961
8966
8968
8970
8972
8974
8981
8983
8985
8987
8989
8991
8993
8999
9001
9003
9005
9007
9009
9022
9024
9026
9028
9030
9032
9034
9036
9038
9040
9042
9044
9046
9050
9052
9054
9056
9063
9065
9067
9069
9071
9073
9075
9079
9081
9083
9090
9092
9098
9100
9102
9104
9106
9108
9112
9114
9116
9118
9129
9131
9133
9135
9137
9139
9141
9143
9145
9147
9149
9154
9156
9158
9160
9162
9173
9175
9177
9179
9181
9183
9185
9187
9189
9191
9193
9197
9199
9201
9203
9207
9209
9211
9213
9217
9219
9221
9223
9236
9238
9240
9242
9244
9246
9248
9250
9252
9254
9256
9258
9260
9263
9265
9267
9271
9273
9275
9277
9281
9283
9285
9287
9296
9298
9300
9302
9308
9310
9312
9320
9322
9324
9326
9328
9330
9332
9334
9340
9342
9344
9346
9348
9350
9358
9360
9362
9364
9366
9368
9370
9372
9378
9380
9382
9384
9386
9388
9397
9399
9401
9403
9405
9407
9409
9411
9413
9422
9424
9426
9428
9430
9432
9434
9436
9438
9444
9446
9448
9450
9452
9454
9459
9463
9465
9467
9479
9481
9483
9485
9487
9489
9491
9493
9495
9497
9499
9501
9508
9510
9512
9514
9516
9518
9520
9524
9526
9528
9530
9541
9543
9545
9547
9549
9551
9553
9555
9557
9559
9561
9568
9570
9572
9574
9576
9578
9580
9584
9586
9588
9590
9594
9596
9598
9600
9608
9610
9612
9614
9616
9618
9620
9622
9626
9628
9630
9632
9638
9640
9642
9644
9646
9648
9657
9659
9661
9663
9665
9667
9669
9671
9673
9679
9681
9683
9685
9687
9689
9696
9698
9700
9702
9704
9706
9708
9714
9716
9718
9720
9722
9724
9729
9731
9733
9735
9737
9741
9743
9745
9747
9755
9757
9759
9761
9763
9765
9767
9769
9780
9782
9784
9786
9788
9790
9792
9794
9796
9798
9800
9810
9812
9814
9816
9818
9820
9822
9824
9826
9828
9835
9837
9839
9841
9843
9845
9847
9855
9857
9859
9861
9863
9865
9867
9869
9873
9875
9877
9885
9887
9889
9891
9893
9895
9904
9906
9908
9910
9912
9914
9916
9918
9920
9927
9929
9931
9933
9935
9937
9939
9946
9948
9950
9952
9954
9956
9958
9970
9972
9974
9976
9978
9980
9982
9984
9986
9988
9990
9992
9999
10001
10003
10005
10007
10009
10011
10019
10021
10023
10025
10027
10029
10031
10033
10047
10049
10051
10053
10055
10057
10059
10061
10063
10065
10067
10069
10071
10073
10078
10080
10082
10084
10086
10094
10096
10098
10100
10102
10104
10106
10124
10126
10128
10132
10134
10136
10138
10140
10142
10144
10146
10148
10150
10152
10154
10170
10172
10174
10176
10178
10180
10182
10184
10186
10188
10190
10192
10194
10196
10198
10200
10225
10227
10229
10231
10233
10235
10237
10239
10241
10243
10245
10247
10249
10251
10253
10255
10257
10259
10261
10263
10265
10267
10269
10271
10273
10288
10290
10292
10294
10296
10298
10300
10302
10304
10306
10308
10310
10312
10314
10316
10326
10328
10330
10332
10334
10336
10338
10340
10342
10344
10351
10353
10355
10357
10359
10361
10363
10380
10382
10384
10386
10388
10390
10392
10394
10396
10398
10400
10402
10404
10406
10408
10410
10412
10424
10426
10428
10430
10432
10434
10436
10438
10440
10442
10444
10446
10453
10455
10457
10459
10461
10463
10465
10473
10475
10477
10479
10481
10483
10485
10487
10493
10495
10497
10499
10501
10503
10510
10512
10514
10516
10518
10520
10522
10535
10537
10539
10541
10543
10545
10547
10549
10551
10553
10555
10557
10559
10571
10573
10575
10577
10579
10581
10583
10585
10587
10589
10591
10593
10605
10607
10609
10611
10613
10615
10617
10619
10621
10623
10625
10627
10641
10643
10645
10647
10649
10651
10653
10655
10657
10659
10661
10663
10665
10667
10681
10683
10685
10687
10689
10691
10693
10695
10697
10699
10701
10703
10705
10707
10713
10715
10717
10719
10721
10723
10727
10729
10731
10733
10740
10742
10744
10746
10748
10750
10752
10764
10766
10768
10770
10772
10774
10776
10778
10780
10782
10784
10786
10790
10792
10794
10796
10804
10806
10808
10810
10812
10814
10816
10818
10827
10829
10831
10833
10835
10837
10839
10841
10843
10850
10852
10854
10856
10858
10860
10862
10868
10870
10872
10874
10876
10878
10896
10898
10900
10902
10904
10906
10908
10910
10912
10914
10916
10918
10927
10929
10931
10933
10935
10937
10939
10941
10943
10952
10954
10956
10958
10960
10962
10964
10966
10968
10974
10976
10978
10980
10982
10984
10996
10998
11000
11002
11004
11006
11008
11010
11012
11014
11016
11018
11025
11027
11029
11031
11033
11035
11038
11039
11039
11040
11042
11042
11047
11049
11051
11053
11055
11059
11061
11063
11065
11071
11073
11075
11077
11079
11081
11088
11090
11092
11094
11096
11098
11100
11109
11111
11113
11115
11117
11119
11121
11123
11125
11132
11134
11136
11138
11140
11142
11144
11153
11155
11157
11159
11161
11163
11165
11167
11169
11185
11187
11189
11191
11193
11195
11197
11199
11201
11203
11205
11207
11209
11211
11213
11215
11220
11222
11224
11226
11228
11246
11248
11250
11252
11254
11256
11258
11260
11262
11264
11266
11268
11276
11278
11280
11282
11284
11286
11288
11290
11299
11301
11303
11305
11307
11309
11311
11313
11315
11324
11326
11328
11330
11332
11334
11336
11344
11346
11348
11350
11357
11359
11361
11363
11365
11367
11369
11380
11382
11384
11386
11388
11390
11392
11394
11396
11398
11400
11406
11408
11410
11412
11414
11416
11420
11422
11424
11426
11434
11436
11438
11440
11442
11444
11446
11448
11453
11455
11457
11459
11461
11468
11470
11472
11474
11476
11478
11480
11489
11491
11493
11495
11497
11499
11501
11503
11505
11511
11513
11515
11517
11519
11521
11530
11532
11534
11536
11538
11540
11542
11544
11546
11552
11554
11556
11558
11560
11562
11574
11576
11578
11580
11582
11584
11586
11588
11590
11592
11594
11596
11603
11605
11607
11609
11611
11613
11615
11623
11625
11627
11629
11631
11643
11645
11647
11649
11651
11655
11657
11659
11661
11663
11665
11669
11671
11673
11675
11707
11709
11711
11713
11715
11717
11719
11721
11723
11725
11727
11729
11731
11733
11735
11737
11739
11741
11743
11745
11747
11749
11751
11753
11755
11757
11759
11761
11763
11765
11767
11769
11782
11784
11786
11788
11790
11792
11794
11796
11798
11800
11802
11804
11806
11810
11812
11814
11816
11823
11825
11827
11829
11831
11833
11835
11842
11844
11846
11848
11850
11852
11854
11866
11868
11870
11872
11874
11876
11878
11880
11882
11884
11886
11888
11894
11896
11898
11900
11902
11904
11909
11911
11913
11915
11917
11923
11925
11927
11929
11931
11933
11942
11944
11946
11948
11950
11952
11954
11956
11958
11967
11969
11971
11973
11975
11977
11979
11981
11983
11990
11992
11994
11996
11998
12000
12002
12006
12008
12010
12012
12016
12018
12020
12022
12029
12031
12033
12035
12037
12039
12041
12045
12047
12049
12051
12057
12059
12061
12063
12065
12067
12081
12083
12085
12087
12089
12091
12093
12095
12097
12099
12101
12103
12105
12107
12111
12113
12115
12117
12123
12125
12127
12129
12131
12133
12145
12147
12149
12151
12153
12155
12157
12159
12161
12163
12165
12167
12175
12177
12179
12181
12183
12185
12187
12189
12193
12195
12197
12199
12205
12207
12209
12211
12213
12215
12230
12232
12234
12236
12238
12240
12242
12244
12246
12248
12250
12252
12254
12256
12258
12267
12269
12271
12273
12275
12277
12279
12281
12283
12287
12289
12291
12293
12301
12303
12305
12307
12309
12311
12313
12315
12329
12331
12333
12335
12337
12339
12341
12343
12345
12347
12349
12351
12353
12355
12366
12368
12370
12372
12374
12376
12378
12380
12382
12384
12386
12393
12395
12397
12399
12401
12403
12405
12414
12416
12418
12420
12422
12424
12426
12428
12430
12438
12440
12442
12444
12446
12448
12450
12452
12459
12461
12463
12465
12467
12469
12471
12480
12482
12484
12486
12488
12490
12492
12494
12496
12507
12509
12511
12513
12515
12517
12519
12521
12523
12525
12527
12535
12537
12539
12541
12543
12545
12547
12549
12553
12555
12557
12559
12563
12565
12567
12569
12574
12576
12578
12580
12582
12586
12588
12590
12592
12601
12603
12605
12607
12609
12611
12613
12615
12617
12627
12629
12631
12633
12635
12637
12639
12645
12647
12649
12651
12653
12655
12661
12663
12665
12667
12669
12671
12686
12688
12690
12692
12694
12696
12698
12700
12702
12706
12708
12710
12712
12723
12725
12727
12729
12731
12733
12735
12737
12739
12741
12743
12755
12757
12759
12761
12763
12765
12767
12769
12771
12773
12775
12777
12782
12784
12786
12788
12790
12796
12798
12800
12802
12804
12806
12810
12812
12814
12816
12821
12823
12827
12829
12837
12839
12841
12843
12845
12847
12849
12851
12857
12859
12861
12863
12865
12867
12875
12877
12879
12881
12883
12889
12895
12897
12899
12901
12903
12905
12912
12914
12916
12918
12920
12922
12924
12931
12933
12935
12937
12939
12941
12943
12953
12955
12957
12959
12961
12963
12965
12967
12969
12971
12976
12978
12980
12982
12984
12995
12997
12999
13001
13003
13005
13007
13009
13011
13013
13015
13025
13027
13029
13031
13033
13035
13037
13039
13041
13043
13049
13051
13053
13055
13057
13059
13064
13066
13068
13070
13072
13077
13079
13081
13083
13085
13092
13094
13096
13098
13100
13102
13104
13109
13111
13113
13115
13117
13124
13126
13128
13130
13132
13134
13136
13141
13143
13145
13147
13149
13153
13155
13157
13159
13163
13165
13167
13169
13181
13183
13185
13187
13189
13191
13193
13195
13197
13199
13201
13203
13217
13219
13223
13225
13227
13229
13235
13237
13239
13241
13243
13245
13254
13256
13258
13260
13262
13264
13266
13268
13270
13278
13280
13282
13284
13286
13288
13290
13292
13300
13302
13304
13306
13308
13310
13312
13314
13318
13320
13322
13324
13337
13339
13341
13343
13345
13347
13349
13351
13353
13355
13357
13359
13361
13366
13368
13370
13372
13374
13378
13380
13382
13384
13392
13394
13396
13398
13400
13402
13404
13406
13409
13411
13413
13420
13422
13424
13426
13428
13430
13432
13437
13439
13441
13443
13445
13455
13457
13459
13461
13463
13465
13467
13469
13471
13473
13478
13480
13482
13484
13486
13494
13496
13498
13500
13502
13504
13506
13508
13512
13514
13516
13518
13526
13528
13530
13532
13534
13546
13548
13550
13552
13554
13556
13564
13566
13568
13570
13572
13574
13576
13578
13587
13589
13591
13593
13595
13597
13599
13601
13603
13609
13611
13613
13615
13617
13619
13631
13633
13635
13637
13639
13641
13643
13645
13647
13649
13651
13653
13663
13665
13667
13669
13671
13673
13675
13677
13679
13681
13684
13686
13695
13697
13699
13701
13703
13705
13707
13715
13717
13728
13740
13742
13744
13746
13748
13759
13761
13769
13771
13777
13779
13781
13783
13785
13787
13800
13802
13804
13806
13808
13810
13812
13814
13816
13818
13820
13822
13824
13828
13830
13832
13839
13841
13843
13845
13847
13853
13855
13857
13859
13861
13863
13867
13869
13871
13873
13880
13882
13884
13886
13888
13890
13907
13909
13911
13913
13915
13917
13924
13926
13928
13930
13932
13934
13936
13941
13943
13945
13947
13949
13954
13956
13958
13960
13962
13968
13970
13972
13974
13976
13978
13988
13990
13992
13994
13996
13998
14000
14002
14004
14006
14014
14016
14018
14020
14022
14024
14026
14028
14039
14041
14043
14045
14047
14049
14051
14053
14055
14057
14059
14070
14072
14074
14076
14078
14080
14082
14084
14086
14088
14090
14096
14098
14100
14102
14104
14106
14110
14112
14114
14116
14134
14136
14138
14140
14142
14144
14146
14148
14150
14152
14154
14156
14158
14160
14162
14164
14166
14168
14173
14175
14177
14179
14181
14188
14190
14192
14194
14196
14198
14200
14206
14208
14210
14212
14214
14216
14222
14224
14226
14228
14230
14232
14236
14240
14242
14249
14251
14253
14255
14257
14259
14261
14269
14271
14273
14275
14277
14279
14281
14283
14288
14290
14292
14294
14296
14302
14304
14306
14308
14310
14312
14325
14327
14329
14331
14333
14335
14337
14339
14341
14343
14345
14347
14349
14358
14360
14362
14364
14366
14368
14370
14372
14374
14378
14380
14382
14384
14392
14394
14396
14398
14400
14402
14404
14406
14412
14414
14418
14420
14422
14426
14428
14430
14432
14445
14447
14449
14451
14453
14455
14457
14459
14461
14463
14465
14467
14469
14476
14478
14480
14482
14484
14486
14488
14495
14497
14499
14501
14503
14505
14507
14515
14517
14519
14521
14523
14525
14527
14529
14539
14541
14543
14545
14547
14549
14551
14555
14557
14566
14568
14570
14572
14574
14576
14578
14580
14586
14588
14590
14604
14606
14608
14610
14612
14614
14616
14618
14620
14622
14624
14626
14634
14636
14638
14640
14642
14644
14646
14648
14665
14667
14669
14671
14673
14675
14677
14679
14681
14683
14685
14687
14689
14691
14693
14707
14709
14711
14713
14715
14717
14719
14721
14738
14740
14742
14744
14746
14748
14750
14752
14754
14756
14758
14760
14762
14775
14777
14779
14781
14783
14785
14787
14789
14791
14793
14795
14797
14799
14807
14809
14811
14813
14815
14817
14819
14821
14829
14831
14833
14835
14837
14839
14841
14843
14849
14851
14853
14855
14857
14859
14868
14870
14872
14877
14879
14881
14883
14885
14892
14894
14896
14898
14900
14902
14904
14911
14913
14915
14917
14919
14921
14923
14930
14932
14934
14936
14938
14952
14954
14956
14958
14960
14962
14964
14966
14968
14970
14976
14978
14980
14982
14984
14986
14991
14993
14995
14997
14999
15004
15006
15008
15010
15012
15019
15021
15023
15025
15027
15029
15031
15035
15037
15039
15041
15051
15053
15055
15057
15059
15061
15063
15065
15067
15069
15075
15077
15079
15081
15083
15085
15093
15095
15097
15099
15101
15103
15105
15107
15111
15113
15115
15117
15129
15131
15133
15135
15137
15139
15141
15143
15145
15147
15149
15151
15156
15158
15160
15162
15164
15172
15174
15176
15178
15180
15182
15184
15186
15196
15198
15200
15202
15204
15206
15208
15211
15213
15222
15224
15226
15228
15230
15232
15234
15241
15243
15245
15247
15249
15251
15253
15259
15261
15263
15265
15267
15269
15273
15275
15277
15279
15283
15285
15287
15289
15297
15299
15301
15303
15305
15307
15309
15311
15324
15326
15328
15330
15332
15334
15336
15338
15340
15342
15344
15346
15348
15358
15360
15362
15364
15366
15368
15370
15372
15374
15376
15383
15385
15387
15389
15391
15393
15395
15402
15404
15406
15408
15410
15412
15414
15421
15423
15425
15427
15429
15431
15433
15437
15439
15441
15443
15453
15455
15457
15459
15461
15463
15465
15467
15469
15471
15475
15477
15479
15481
15485
15487
15489
15491
15498
15500
15502
15504
15506
15508
15510
15514
15516
15518
15520
15528
15530
15532
15534
15536
15538
15540
15542
15550
15552
15554
15556
15558
15560
15562
15564
15576
15578
15580
15582
15584
15586
15588
15590
15592
15594
15596
15602
15604
15606
15608
15613
15615
15619
15621
15626
15630
15632
15634
15642
15644
15646
15648
15650
15652
15654
15665
15667
15669
15673
15675
15682
15684
15686
15690
15705
15707
15709
15711
15713
15715
15717
15721
15723
15725
15735
15737
15739
15741
15743
15747
15749
15751
15753
15757
15759
15761
15763
15767
15769
15771
15773
15779
15781
15783
15785
15787
15789
15795
15797
15799
15801
15803
15805
15811
15813
15815
15817
15819
15821
15825
15827
15829
15831
15841
15843
15845
15847
15849
15851
15853
15855
15857
15859
15872
15874
15876
15878
15880
15882
15884
15886
15888
15890
15892
15894
15896
15909
15911
15913
15915
15917
15919
15921
15923
15925
15927
15929
15931
15933
15938
15940
15942
15944
15946
15968
15970
15972
15974
15976
15978
15980
15982
15984
15986
15988
15990
15992
15994
15996
15998
16000
16002
16004
16006
16008
16010
16021
16023
16025
16027
16029
16031
16033
16035
16037
16045
16047
16049
16051
16060
16062
16064
16066
16068
16070
16072
16074
16076
16088
16090
16092
16094
16096
16098
16100
16102
16104
16106
16108
16110
16119
16121
16123
16125
16127
16129
16131
16133
16135
16139
16141
16143
16145
16151
16153
16155
16157
16159
16161
16169
16171
16173
16175
16177
16179
16181
16183
16191
16193
16195
16197
16199
16201
16203
16205
16211
16213
16215
16217
16219
16221
16225
16227
16229
16231
16239
16241
16243
16245
16247
16249
16251
16253
16262
16264
16266
16268
16270
16272
16274
16276
16278
16286
16288
16290
16292
16294
16296
16298
16300
16306
16308
16310
16312
16314
16316
16321
16323
16325
16327
16329
16333
16335
16337
16339
16345
16347
16349
16351
16353
16355
16364
16366
16368
16370
16372
16374
16376
16378
16380
16388
16390
16392
16394
16396
16398
16400
16402
16418
16420
16422
16424
16426
16428
16430
16432
16434
16436
16438
16440
16442
16444
16446
16448
16453
16455
16457
16459
16461
16467
16469
16471
16473
16475
16477
16478
16479
16479
16480
16480
16482
16483
16484
16493
16495
16497
16499
16501
16503
16505
16515
16517
16519
16521
16523
16525
16527
16529
16531
16533
16542
16544
16546
16548
16550
16552
16554
16556
16558
16568
16570
16572
16574
16576
16578
16580
16582
16584
16586
16594
16596
16598
16600
16602
16604
16606
16608
16614
16616
16618
16620
16622
16624
16633
16635
16637
16639
16641
16643
16645
16647
16649
16655
16657
16659
16661
16663
16665
16676
16678
16680
16682
16684
16686
16688
16690
16692
16694
16696
16705
16707
16709
16711
16713
16715
16717
16719
16721
16727
16729
16731
16733
16735
16737
16742
16744
16746
16748
16750
16758
16760
16762
16764
16766
16768
16770
16772
16776
16778
16780
16782
16791
16793
16795
16797
16799
16801
16803
16805
16807
16816
16818
16820
16822
16824
16826
16828
16830
16832
16837
16839
16841
16843
16845
16856
16858
16860
16862
16864
16866
16868
16870
16872
16874
16876
16887
16889
16891
16893
16895
16897
16899
16901
16903
16905
16907
16913
16915
16917
16919
16921
16923
16929
16931
16933
16935
16937
16939
16945
16947
16949
16951
16953
16955
16959
16961
16963
16965
16972
16974
16976
16978
16980
16982
16984
16988
16990
16992
16994
17008
17010
17012
17014
17016
17018
17020
17022
17024
17026
17028
17030
17032
17034
17038
17040
17042
17044
17053
17055
17057
17059
17061
17063
17065
17067
17069
17075
17077
17079
17081
17083
17085
17094
17096
17098
17100
17102
17104
17106
17108
17110
17119
17121
17123
17125
17127
17129
17131
17133
17135
17144
17146
17148
17150
17152
17154
17161
17163
17165
17167
17169
17171
17173
17189
17191
17193
17195
17197
17199
17201
17203
17205
17207
17209
17211
17213
17215
17217
17219
17223
17225
17227
17229
17237
17239
17241
17243
17245
17247
17249
17251
17255
17257
17259
17261
17266
17268
17270
17272
17274
17277
17290
17292
17294
17296
17300
17304
17306
17314
17316
17319
17321
17328
17332
17334
17336
17354
17356
17358
17360
17362
17364
17366
17368
17370
17372
17374
17377
17385
17389
17391
17402
17404
17406
17408
17410
17412
17414
17416
17419
8324
8329
16015
16040
8324
8331
16016
16038
8326
8331
16036
16039
8327
8330
16021
16040
8329
8332
16038
16041
8365
8394
17275
17278
8369
8392
17275
17280
8375
8394
17276
17279
8390
8393
17277
17280
8392
8395
17278
17281
9077
9084
17285
17301
9079
9084
17299
17302
9082
9085
17301
17304
9086
9087
17287
17297
9087
9090
17295
17298
9088
9091
17297
17300
9290
9303
17307
17311
9291
9305
17307
17309
9301
9304
17311
17314
9303
9306
17309
17312
9305
9308
17310
17315
9456
9460
17317
17322
9458
9461
17319
17322
9460
9463
17320
17323
9871
9878
17325
17329
9873
9878
17327
17330
9876
9879
17329
17332
10628
10640
10971
10981
10629
10642
10970
10979
10879
10891
17337
17342
10880
10893
17337
17340
10891
10894
17340
17343
10892
10917
17339
17342
10893
10896
17338
17341
11056
11058
16509
16524
11056
11060
16508
16522
11067
11072
16506
16532
11067
11074
16510
16530
11068
11076
16510
16528
11229
11241
11316
11339
11230
11243
11319
11337
11241
11244
11337
11340
11242
11267
11324
11339
11243
11246
11335
11338
11616
11620
11635
11652
11620
11623
11650
11653
11621
11630
11652
11655
12618
12624
15702
15718
12624
12627
15716
15719
12625
12638
15718
15721
12672
12681
17375
17380
12673
12683
17375
17378
12681
12684
17378
17381
12682
12701
17377
17380
12683
12686
17376
17379
12818
12824
15574
15597
12822
12825
15576
15597
12824
12827
15595
15598
12871
12884
15676
15693
12871
12886
15680
15691
12882
12885
15682
15693
12884
12887
15691
15694
12886
12889
15689
15692
13151
13158
13604
13618
13204
13208
13755
13766
13205
13210
13756
13764
13205
13212
13718
13721
13206
13214
13708
13710
13208
13211
13764
13767
13209
13218
13766
13769
13210
13213
13721
13724
13738
13751
13762
13765
13212
13215
13710
13713
13722
13729
13214
13217
13711
13716
13409
13412
13419
13422
13519
13539
13893
13900
13522
13535
13894
13904
13522
13537
13895
13902
13526
13539
13901
13916
13533
13536
13904
13907
13535
13538
13902
13905
13537
13540
13900
13903
13682
13687
17382
17386
13684
13687
17384
17387
13685
13688
17386
17389
13708
13712
13718
13729
13712
13715
13727
13730
13719
13723
13731
13751
13719
13725
13734
13749
13723
13726
13749
13752
13725
13728
13747
13750
13731
13737
13754
13762
13737
13740
13760
13763
13826
13833
17392
17399
13828
13833
17400
17415
13831
13834
17399
17402
13874
13891
15730
15744
13880
13891
15742
15745
13889
13892
15744
15747
14233
14237
14533
14552
14235
14238
14552
14555
14237
14240
14550
14553
14408
14415
14558
14581
14413
14416
14566
14581
14415
14418
14579
14582
14584
14591
15622
15627
14586
14591
15625
15628
14589
14592
15627
15630
14652
14694
14861
14865
14653
14696
14860
14863
14665
14696
14864
14871
14692
14695
14865
14868
14694
14697
14863
14866
14701
14722
14924
14941
14701
14724
14928
14939
14707
14724
14937
14940
14720
14723
14930
14941
14722
14725
14939
14942
15187
15193
17417
17420
15193
15196
17418
17421
15194
15207
15211
15214
17420
17423
15209
15214
17417
17422
15212
15215
17419
17422
15435
15442
15445
15456
15610
15616
17136
17141
15614
15617
17141
17144
15616
15619
17142
17153
15638
15655
15660
15670
15642
15655
15668
15671
15653
15656
15670
15673
15657
15662
15678
15687
15662
15665
15685
15688
15663
15674
15687
15690
16681
16684
16689
16692
)
